{
 "cells": [
  {
   "cell_type": "code",
   "execution_count": 1,
   "id": "6e305e68",
   "metadata": {},
   "outputs": [],
   "source": [
    "import numpy as np"
   ]
  },
  {
   "cell_type": "code",
   "execution_count": 2,
   "id": "459bd32f",
   "metadata": {},
   "outputs": [],
   "source": [
    "A = np.array([\n",
    "    [1, -1, 2],\n",
    "    [3, 2, 2],\n",
    "    [4, 1, 2]\n",
    "])\n",
    "\n",
    "B = np.random.rand(3, 3)"
   ]
  },
  {
   "cell_type": "code",
   "execution_count": 3,
   "id": "d3612cd1",
   "metadata": {},
   "outputs": [
    {
     "data": {
      "text/plain": [
       "array([[ 1, -1,  2],\n",
       "       [ 3,  2,  2],\n",
       "       [ 4,  1,  2]])"
      ]
     },
     "execution_count": 3,
     "metadata": {},
     "output_type": "execute_result"
    }
   ],
   "source": [
    "A"
   ]
  },
  {
   "cell_type": "code",
   "execution_count": 4,
   "id": "1dc7d326",
   "metadata": {},
   "outputs": [
    {
     "data": {
      "text/plain": [
       "array([[0.20338387, 0.99805966, 0.69897837],\n",
       "       [0.00406004, 0.41515529, 0.97680389],\n",
       "       [0.18814621, 0.14159987, 0.20668305]])"
      ]
     },
     "execution_count": 4,
     "metadata": {},
     "output_type": "execute_result"
    }
   ],
   "source": [
    "B"
   ]
  },
  {
   "cell_type": "code",
   "execution_count": 5,
   "id": "03f3729e",
   "metadata": {},
   "outputs": [
    {
     "data": {
      "text/plain": [
       "array([[ 1.20338387e+00, -1.94033693e-03,  2.69897837e+00],\n",
       "       [ 3.00406004e+00,  2.41515529e+00,  2.97680389e+00],\n",
       "       [ 4.18814621e+00,  1.14159987e+00,  2.20668305e+00]])"
      ]
     },
     "execution_count": 5,
     "metadata": {},
     "output_type": "execute_result"
    }
   ],
   "source": [
    "A + B"
   ]
  },
  {
   "cell_type": "code",
   "execution_count": 6,
   "id": "f27b2b4d",
   "metadata": {},
   "outputs": [
    {
     "data": {
      "text/plain": [
       "array([[ 5, -5, 10],\n",
       "       [15, 10, 10],\n",
       "       [20,  5, 10]])"
      ]
     },
     "execution_count": 6,
     "metadata": {},
     "output_type": "execute_result"
    }
   ],
   "source": [
    "5 * A"
   ]
  },
  {
   "cell_type": "code",
   "execution_count": 7,
   "id": "d828fd9d",
   "metadata": {},
   "outputs": [
    {
     "data": {
      "text/plain": [
       "array([[0.57561625, 0.86610411, 0.13554058],\n",
       "       [0.99456411, 4.1076893 , 4.463909  ],\n",
       "       [1.19388793, 4.69059368, 4.18608349]])"
      ]
     },
     "execution_count": 7,
     "metadata": {},
     "output_type": "execute_result"
    }
   ],
   "source": [
    "np.dot(A, B)"
   ]
  },
  {
   "cell_type": "code",
   "execution_count": 8,
   "id": "005a88a3",
   "metadata": {},
   "outputs": [
    {
     "data": {
      "text/plain": [
       "array([[0.57561625, 0.86610411, 0.13554058],\n",
       "       [0.99456411, 4.1076893 , 4.463909  ],\n",
       "       [1.19388793, 4.69059368, 4.18608349]])"
      ]
     },
     "execution_count": 8,
     "metadata": {},
     "output_type": "execute_result"
    }
   ],
   "source": [
    "A @ B"
   ]
  },
  {
   "cell_type": "code",
   "execution_count": 9,
   "id": "803d41c9",
   "metadata": {},
   "outputs": [
    {
     "data": {
      "text/plain": [
       "array([[1.98238398, 1.86222344, 3.53349733],\n",
       "       [4.0026842 , 6.93799988, 8.41751678],\n",
       "       [5.57018036, 5.97379342, 6.59944958]])"
      ]
     },
     "execution_count": 9,
     "metadata": {},
     "output_type": "execute_result"
    }
   ],
   "source": [
    "A @ B + (A + 2 * B)"
   ]
  }
 ],
 "metadata": {
  "kernelspec": {
   "display_name": "Python 3",
   "language": "python",
   "name": "python3"
  },
  "language_info": {
   "codemirror_mode": {
    "name": "ipython",
    "version": 3
   },
   "file_extension": ".py",
   "mimetype": "text/x-python",
   "name": "python",
   "nbconvert_exporter": "python",
   "pygments_lexer": "ipython3",
   "version": "3.9.4"
  }
 },
 "nbformat": 4,
 "nbformat_minor": 5
}
